<!DOCTYPE html>
<html lang="en">

<head>
  <!-- Google Tag Manager -->
  <script>(function (w, d, s, l, i) {
      w[l] = w[l] || []; w[l].push({
        'gtm.start':
          new Date().getTime(), event: 'gtm.js'
      }); var f = d.getElementsByTagName(s)[0],
        j = d.createElement(s), dl = l != 'dataLayer' ? '&l=' + l : ''; j.async = true; j.src =
          'https://www.googletagmanager.com/gtm.js?id=' + i + dl; f.parentNode.insertBefore(j, f);
    })(window, document, 'script', 'dataLayer', 'GTM-WZ427XZ');</script>
  <!-- End Google Tag Manager -->
  <meta charset="UTF-8">
  <meta name="viewport" content="width=device-width, initial-scale=1.0">
  <link href="https://fonts.googleapis.com/css2?family=Lato:wght@300;400;900&display=swap" rel="stylesheet">
  <link rel="stylesheet" href="reset.css">
  <link rel="stylesheet" href="styles.css?v=5">
  <meta property="og:site_name" content="PowerED">
  <meta property="og:type" content="website">
  <meta property="og:title" content="PowerED 2020 – Cyfrowe zasoby w&nbsp;wyrównywaniu szans edukacyjnych" />
  <meta property="og:url" content="https://power-ed.pl" />
  <meta property="og:image:type" content="image/png" />
  <meta property="og:image:width" content="500" />
  <meta property="og:image:height" content="283" />
  <meta property="og:image" content="https://power-ed.pl/assets/powered-mini.png" />
  <meta property="og:description" content="Cyfrowe zasoby w&nbsp;wyrównywaniu szans edukacyjnych" />
  <meta name="description" content="Cyfrowe zasoby w&nbsp;wyrównywaniu szans edukacyjnych" />
  <title>PowerED 2020 – Cyfrowe zasoby w&nbsp;wyrównywaniu szans edukacyjnych</title>

</head>

<body id="start">
  <!-- Google Tag Manager (noscript) -->
  <noscript><iframe src="https://www.googletagmanager.com/ns.html?id=GTM-WZ427XZ" height="0" width="0"
      style="display:none;visibility:hidden"></iframe></noscript>
  <!-- End Google Tag Manager (noscript) -->
  <button id="menu-trigger" class="menu">≡</button>

  <nav id="main-menu" class="main-menu">
    <div class="menu-rail">
      <a href="#start">Rekomendacje</a>
      <button id="close-button" class="close">🞪</button>
    </div>
    <a href="#program">Program wydarzenia</a>
    <a href="#transmisje">Zobacz nagranie</a>
    <a href="#newsletter">Bądź na bieżąco</a>
    <a href="#kontakt">Kontakt</a>
  </nav>


  <div class="corners"></div>
  <div class="container">
    <section class="intro">

      <div class="text">
        <h1>Power<span style="margin-left: 0.02em;">ED</span></h1>
        <p class="subtitle">Cyfrowe zasoby w&nbsp;wyrównywaniu szans edukacyjnych</p>
      </div>

      <div class="animate-blobs">
        <svg class="frame" width="100%" viewBox="0 0 200 200">
          <rect width="200" height="200" opacity="0" />
        </svg>

        <svg class="animate" width="100%" viewBox="0 0 200 200">
          <path fill="#16416F" transform="translate(100 100)" opacity="0.5">
            <animate id="blob1" repeatCount="indefinite" attributeName="d" dur="15s" values="
            M35.5,-53.8C49.8,-46.2,67.6,-42.6,74.4,-32.5C81.2,-22.5,77,-6,66.2,3.4C55.4,12.9,37.9,15.3,28,21.4C18.2,27.5,16,37.3,9.8,43.9C3.6,50.6,-6.6,54.1,-19.9,55.7C-33.2,57.4,-49.6,57.3,-62.6,49.9C-75.7,42.6,-85.4,28.2,-87.8,12.6C-90.1,-3.1,-85.1,-19.8,-72.7,-27.5C-60.3,-35.2,-40.7,-33.9,-27.3,-42C-14,-50.1,-7,-67.6,1.8,-70.4C10.7,-73.3,21.3,-61.5,35.5,-53.8Z;
            M44.3,-64.7C58.3,-59.9,71.1,-49.1,70.9,-36.3C70.7,-23.4,57.5,-8.5,48.2,1.9C38.8,12.3,33.3,18.1,30.3,32.1C27.3,46.2,26.9,68.3,20,72.3C13,76.4,-0.6,62.3,-17.3,57.9C-34.1,53.5,-53.9,58.7,-66.8,52.9C-79.7,47,-85.5,30.1,-80.3,16.2C-75,2.3,-58.7,-8.5,-48.5,-18.6C-38.3,-28.7,-34.4,-38,-27.4,-46C-20.3,-54,-10.2,-60.6,2.5,-64.5C15.1,-68.4,30.3,-69.5,44.3,-64.7Z;
            M38.9,-63.6C44.5,-56.9,39.2,-36.2,38.6,-22.1C38.1,-8.1,42.3,-0.7,47.7,11.5C53.1,23.6,59.7,40.6,54.4,47.5C49,54.4,31.6,51.3,16,56.8C0.5,62.4,-13.1,76.7,-20.2,72.7C-27.3,68.8,-27.8,46.7,-30,32.5C-32.1,18.3,-35.9,12,-43.1,2.5C-50.3,-7.1,-60.9,-19.9,-61,-31.2C-61,-42.5,-50.5,-52.4,-38.6,-56.3C-26.7,-60.2,-13.3,-58.1,1.6,-60.7C16.6,-63.2,33.2,-70.4,38.9,-63.6Z;
            M23.9,-36.1C31.4,-32.5,38.1,-26.5,49.9,-17.8C61.6,-9,78.5,2.3,81.2,14.5C83.9,26.7,72.4,39.7,58.6,44.8C44.9,49.9,29,47.1,16.3,46.8C3.7,46.6,-5.7,48.9,-12.8,45.8C-19.8,42.6,-24.6,34.1,-27.5,26.3C-30.3,18.5,-31.2,11.6,-35.9,3C-40.6,-5.7,-49.1,-16,-50.7,-27.7C-52.4,-39.3,-47.2,-52.4,-37.6,-55.1C-28,-57.8,-14,-50.1,-2.9,-45.6C8.2,-41.1,16.5,-39.8,23.9,-36.1Z;
            M35.5,-53.8C49.8,-46.2,67.6,-42.6,74.4,-32.5C81.2,-22.5,77,-6,66.2,3.4C55.4,12.9,37.9,15.3,28,21.4C18.2,27.5,16,37.3,9.8,43.9C3.6,50.6,-6.6,54.1,-19.9,55.7C-33.2,57.4,-49.6,57.3,-62.6,49.9C-75.7,42.6,-85.4,28.2,-87.8,12.6C-90.1,-3.1,-85.1,-19.8,-72.7,-27.5C-60.3,-35.2,-40.7,-33.9,-27.3,-42C-14,-50.1,-7,-67.6,1.8,-70.4C10.7,-73.3,21.3,-61.5,35.5,-53.8Z;
            " />
          </path>
        </svg>

        <svg class="animate" width="100%" viewBox="0 0 200 200">
          <path fill=#B27EB6 transform="translate(100 100)" opacity="0.3">
            <animate id="blob1" repeatCount="indefinite" fill="freeze" attributeName="d" dur="12s" values="
            M35.5,-53.8C49.8,-46.2,67.6,-42.6,74.4,-32.5C81.2,-22.5,77,-6,66.2,3.4C55.4,12.9,37.9,15.3,28,21.4C18.2,27.5,16,37.3,9.8,43.9C3.6,50.6,-6.6,54.1,-19.9,55.7C-33.2,57.4,-49.6,57.3,-62.6,49.9C-75.7,42.6,-85.4,28.2,-87.8,12.6C-90.1,-3.1,-85.1,-19.8,-72.7,-27.5C-60.3,-35.2,-40.7,-33.9,-27.3,-42C-14,-50.1,-7,-67.6,1.8,-70.4C10.7,-73.3,21.3,-61.5,35.5,-53.8Z;
            M23.9,-36.1C31.4,-32.5,38.1,-26.5,49.9,-17.8C61.6,-9,78.5,2.3,81.2,14.5C83.9,26.7,72.4,39.7,58.6,44.8C44.9,49.9,29,47.1,16.3,46.8C3.7,46.6,-5.7,48.9,-12.8,45.8C-19.8,42.6,-24.6,34.1,-27.5,26.3C-30.3,18.5,-31.2,11.6,-35.9,3C-40.6,-5.7,-49.1,-16,-50.7,-27.7C-52.4,-39.3,-47.2,-52.4,-37.6,-55.1C-28,-57.8,-14,-50.1,-2.9,-45.6C8.2,-41.1,16.5,-39.8,23.9,-36.1Z;
            M38.9,-63.6C44.5,-56.9,39.2,-36.2,38.6,-22.1C38.1,-8.1,42.3,-0.7,47.7,11.5C53.1,23.6,59.7,40.6,54.4,47.5C49,54.4,31.6,51.3,16,56.8C0.5,62.4,-13.1,76.7,-20.2,72.7C-27.3,68.8,-27.8,46.7,-30,32.5C-32.1,18.3,-35.9,12,-43.1,2.5C-50.3,-7.1,-60.9,-19.9,-61,-31.2C-61,-42.5,-50.5,-52.4,-38.6,-56.3C-26.7,-60.2,-13.3,-58.1,1.6,-60.7C16.6,-63.2,33.2,-70.4,38.9,-63.6Z;
            M44.3,-64.7C58.3,-59.9,71.1,-49.1,70.9,-36.3C70.7,-23.4,57.5,-8.5,48.2,1.9C38.8,12.3,33.3,18.1,30.3,32.1C27.3,46.2,26.9,68.3,20,72.3C13,76.4,-0.6,62.3,-17.3,57.9C-34.1,53.5,-53.9,58.7,-66.8,52.9C-79.7,47,-85.5,30.1,-80.3,16.2C-75,2.3,-58.7,-8.5,-48.5,-18.6C-38.3,-28.7,-34.4,-38,-27.4,-46C-20.3,-54,-10.2,-60.6,2.5,-64.5C15.1,-68.4,30.3,-69.5,44.3,-64.7Z;
            M35.5,-53.8C49.8,-46.2,67.6,-42.6,74.4,-32.5C81.2,-22.5,77,-6,66.2,3.4C55.4,12.9,37.9,15.3,28,21.4C18.2,27.5,16,37.3,9.8,43.9C3.6,50.6,-6.6,54.1,-19.9,55.7C-33.2,57.4,-49.6,57.3,-62.6,49.9C-75.7,42.6,-85.4,28.2,-87.8,12.6C-90.1,-3.1,-85.1,-19.8,-72.7,-27.5C-60.3,-35.2,-40.7,-33.9,-27.3,-42C-14,-50.1,-7,-67.6,1.8,-70.4C10.7,-73.3,21.3,-61.5,35.5,-53.8Z;
            " />
          </path>
        </svg>
      </div>
    </section>

    <article>

      <section id="recommendations" class="objectives stack">

        <div class="well panel stack --align-center bg-darken">
          <div class="rail rail-to-stack --align-center">
            <img class="idea" src="./assets/idea.svg" alt="idea">
            <h2>W trakcie wydarzenia PowerED, wspólnie z 40 ekspertami i ekspertkami opracowaliśmy rekomendacje dla
              samorządów, przedsiębiorców i organizacji pozarządowych, które chcą skutecznie zmieniać sposób działania
              polskich szkół na bardziej inkluzywny, nowoczesny i sprzyjający rozwojowi wszystkich uczniów.</h2>
          </div>
          <div class="rail rail-to-stack">
            <a href="https://power-ed.pl/dokumenty/Rekomendacje_PowerED_2021.pdf" target="_blank"
              class="cta button purple recommendations">Pobierz rekomendacje</a>
            <a href="https://power-ed.pl/dokumenty/PowerED_Jak_przeciwdzialac_wykluczeniom_w_edukacji_infografika.png"
              target="_blank" class="cta button purple infographic">Pobierz infografikę</a>
            <a href="https://power-ed.pl/dokumenty/PowerED_presspack.zip" target="_blank"
              class="cta button purple presspack">Pobierz informację prasową</a>
          </div>
        </div>

        <div class="well panel rail rail-to-stack --align-center bg-darken">
          <img class="talk" src="./assets/talk.svg" alt="talk">
          <h2>Inicjujemy debatę na temat roli technologii i&nbsp;zasobów cyfrowych w&nbsp;wyrównywaniu szans
            edukacyjnych.</h2>
        </div>
      </section>


      <h2 id="program" class="section-headline">Program wydarzenia</h2>

      <section class="panel stack">
        <div>
          <strong>Edukacja po lockdownie – czy wiemy więcej o&nbsp;nierównościach w
            dostępie do edukacji? Wnioski z&nbsp;Polski i&nbsp;ze świata.</strong>

          <div class="speakers speakers-1">
            <div>
              <img src="./assets/speakers/alek-tarkowski.jpg" alt="">
              <strong>Alek Tarkowski</strong> Centrum Cyfrowe
            </div>
          </div>

        </div>
        <div>
          <strong>Dyskusja panelowa: Jakie nierówności w&nbsp;dostępie do edukacji można zniwelować przy pomocy zasobów
            cyfrowych i&nbsp;technologii?</strong>

          <div class="speakers">
            <!-- <div>
              <img src="./assets/speakers/joanna-berdzik.jpg" alt="">
              <strong>Joanna Berdzik</strong> Stowarzyszenie Dobra Edukacja
            </div> -->
            <div>
              <img src="./assets/speakers/małgorzata-rabenda.jpg" alt="">
              <strong>Małgorzata Rabenda</strong> Referat Oświaty, Kultury i Sportu, gmina Jasień
            </div>
            <div>
              <img src="./assets/speakers/lew-starowicz.jpg" alt="">
              <strong>Rafał Lew-Starowicz</strong> EdTech Poland
            </div>
            <div>
              <img src="./assets/speakers/justyna-suchecka.jpg" alt="">
              <strong>Justyna Suchecka</strong> TVN24
            </div>
            <div>
              <img src="./assets/speakers/eliza-durka.jpg" alt="">
              <strong>Eliza Durka-Cieślewska</strong> Fundacja Kosmos dla Dziewczynek
            </div>

            <div>
              <img src="./assets/speakers/anna-stokowska.jpg" alt="">
              <strong>Anna Stokowska</strong> Fundacja Katalyst Education / Prowadząca
            </div>
          </div>
        </div>

      </section>

      <h2 id="transmisje" class="section-headline">Zobacz nagranie</h2>

      <section class="fb-player responsive-iframe">
        <iframe width="1280" height="720"
          src="https://www.facebook.com/plugins/video.php?href=https%3A%2F%2Fwww.facebook.com%2FPistacjaMatematyka%2Fvideos%2F349332952962953%2F&width=1280"
          style="border:none;overflow:hidden" scrolling="no" frameborder="0" allowTransparency="true"
          allowFullScreen="true"></iframe>


      </section>
      <div class="no-video">
        <p>Jeżeli wideo nie załaduje się automatycznie...</p>
        <a class="button cta"
          href="https://www.facebook.com/1543210202668130/videos/349332952962953/?__so__=watchlist&__rv__=video_home_www_playlist_video_list"
          target="blank">Zobacz nagranie na Facebooku</a>
      </div>


      <h2 id="newsletter" class="section-headline">Bądź na bieżąco</h2>

      <section class="panel panel-crop">
        <iframe id='fm-fc-f-jqnyjmw2vq' src='https://forms.freshmail.io/f/o1fpl3jocd/jqnyjmw2vq/index.html'
          frameborder='0' marginheight='0' marginwidth='0' width='100%' style='min-height: 469px'></iframe>
      </section>

      <h2 id="kontakt" class="section-headline">Kontakt</h2>

      <section class="panel stack">
        <div>
          <h3>Masz więcej pytań?</h3>
          Napisz do nas: <a href="mailto:kontakt@katalysteducation.org">kontakt@katalysteducation.org</a>. Postaramy
          się pomóc.
        </div>
      </section>

      <section class="well space-up-2">
        Organizatorem PowerED była fundacja <a href="http://katalysteducation.org/" target="_blank">Katalyst
          Education</a>, której zespół tworzy darmowe, otwarte, cyfrowe
        narzędzia edukacyjne, m.in. w&nbsp;ramach programu <a href="https://pistacja.tv/" target="_blank">Pi-stacja</a>
        oraz <a href="https://elektrowniapowisle.com/pl/" target="_blank">Elektrownia
          Powiśle</a>.
      </section>
    </article>

    <section class="orgainzators">

      <a href="http://katalysteducation.org/" target="_blank">
        <img src="./assets/ked.svg" alt="Logo Katalyst Education">
      </a>
      <a href="https://pistacja.tv/" target="_blank">
        <img src="./assets/pi-stacja.svg" alt="Logo Pi-stacja TV">
      </a>
      <a href="https://elektrowniapowisle.com/pl/" target="_blank">
        <img src="./assets/elektrownia.svg" alt="Logo Elektrownia Powiśle">
      </a>
    </section>
  </div>

  <div class="lights"></div>
</body>

<script src="./index.js?v=5"></script>
<script>
  animate();
  toggleMenu();
  toggleTabs();
  const fmFCFjqnyjmw2vq = function (e) {
    if (e.data.type === 'resize') {
      document.getElementById('fm-fc-f-jqnyjmw2vq').style.minHeight = e.data.size + 'px'
    }
  };

  window.addEventListener
    ? addEventListener('message', fmFCFjqnyjmw2vq, !1)
    : attachEvent('onmessage', fmFCFjqnyjmw2vq);
</script>

</html>